	A	R	G	G	W	I	S	L	Y	Y	D	S	S	G	Y	P	N	F	D	Y
A	0.00	1.20	0.82	0.86	-5.99	-4.15	-3.54	0	-5.07	-4.81	-3.92	-1.71	-2.27	1.02	-5.94	-0.50	-3.41	-4.06	-3.13	0.73
C	-0.19	0.73	-1.50	-1.55	-1.39	-2.28	-2.62	0	-4.03	-3.43	-5.42	-2.94	-5.55	-1.63	-3.17	-0.68	-3.86	-0.73	-4.20	-0.59
D	-0.99	1.35	-3.64	-1.12	-4.76	-4.76	-4.98	0	-3.79	-4.81	0.06	-6.56	-6.24	-3.58	-4.55	-5.19	-2.09	-2.81	0.08	3.04
E	-1.72	1.09	-4.53	-4.04	-6.13	-2.58	-5.95	0	-5.79	-5.78	-0.93	-4.52	-5.81	-5.35	-3.06	-5.76	-5.27	-2.44	-1.00	2.98
F	-3.82	1.81	-5.46	-3.91	0.02	-2.79	-4.04	0	-0.49	-1.78	-5.40	-3.86	-4.71	-3.88	2.15	-5.02	-3.81	0.03	-4.00	0.23
G	-1.75	-0.63	0.04	0.03	-2.58	-5.25	-5.01	0	-5.49	-6.18	-3.88	-3.13	-2.33	0.05	-4.47	-3.74	-1.72	-4.88	-3.77	-0.31
H	-3.99	-1.02	-5.16	-5.34	-4.54	-4.13	-5.02	0	-3.81	-3.45	-2.26	-4.53	-5.18	-5.25	-2.61	-0.79	-1.79	0.97	-2.58	1.39
I	2.21	1.61	-4.63	-5.63	-5.04	0.04	-4.39	0	-4.65	-4.52	-4.65	-6.33	-7.20	-5.06	-3.91	-6.30	-1.74	-1.05	-4.48	1.63
K	-3.85	-0.04	-5.25	-4.87	-4.92	-5.91	-5.38	0	-5.42	-4.49	-6.10	-5.19	-5.98	-4.82	-3.87	-5.40	-1.17	-4.08	-4.32	1.84
L	1.09	1.01	-4.47	-5.45	-2.74	-1.14	-5.34	0	-5.29	-5.50	-5.44	-5.35	-4.14	-5.63	-4.73	-4.23	-4.64	0.63	-4.75	2.09
M	1.54	1.52	-5.75	-7.47	-5.36	-2.26	-5.67	0	-5.16	-3.49	-4.86	-4.46	-6.00	-4.60	-4.69	-6.14	-3.52	0.44	-4.62	2.13
N	-2.46	-0.07	-5.01	-4.79	-5.19	1.71	-4.40	0	-1.90	-1.73	-2.92	-4.08	-4.58	-4.09	-1.50	-2.04	0.08	0.86	0.27	0.88
P	-2.59	0.88	-4.84	-1.35	-5.61	-5.15	-3.85	-7.55	-6.37	-6.02	-5.24	-4.17	-4.01	-4.48	-3.95	0.06	-5.21	-5.60	-3.84	1.57
Q	-0.01	0.74	-6.04	-11.06	-4.62	-4.20	-4.37	0	-5.12	-5.63	-4.55	-6.30	-6.32	-7.55	-5.25	-3.46	-4.71	-0.86	-5.01	1.91
R	-4.69	-0.14	-3.22	-3.54	-2.58	-2.22	-4.86	0	-5.29	-5.08	-5.88	-5.21	-4.86	-3.48	-5.25	-3.94	-5.01	-5.08	-4.97	1.52
S	-0.75	2.00	0.59	1.57	-4.03	0.67	0.07	0	-4.96	-4.33	-5.66	0.07	0.06	0.14	-4.02	-2.84	0.51	-3.30	-2.87	1.04
T	0.30	2.05	-3.84	-1.96	-4.87	-3.90	-2.50	0	-5.80	-5.54	-4.95	-1.91	-2.31	-6.14	-4.14	0.33	-2.08	-5.52	-3.94	1.82
V	1.38	1.69	-2.63	-2.88	-5.11	0.96	-4.74	0	-4.88	-5.41	-2.86	-4.80	-5.77	-2.85	-4.38	-3.56	-4.31	-3.28	-2.64	1.58
W	-4.28	0.88	-5.00	-4.97	0.08	-4.33	-4.71	0	0.19	-3.85	-6.11	-5.37	-6.44	-2.94	-1.55	-5.33	-4.40	1.20	-4.66	0.96
Y	-4.34	1.68	-4.53	-4.25	-0.77	-6.20	-1.41	0	0.16	0.12	-0.91	-0.71	-5.08	-1.01	0.05	-5.06	-2.13	0.99	-1.41	-0.18
*	-4	-2	-5	-4	-3	-5	-5	0	-2	-2	-5	-5	-1	-6	-2	-6	-5	-5	-5	-2
